-9.702000001272650387e-01
-6.002999999875632264e-01
-1.098000000024538902e+00
-1.103000000140979653e+00
-3.700237429999420069e+00
-2.480900000027377317e+00
-5.289962761832715188e+00
-2.026766662073938186e+00
-3.283131549278885064e+00
-4.340860276299500775e+00
-1.360906086516219249e+00
4.250559269982744914e-01
-1.754100000027670081e+00
-3.309299999996693664e+00
-4.626760178410055602e+00
-1.096642672598319823e+00
-1.179666305483974442e+00
-4.921645025038831278e+00
-4.810751698549328381e+00
1.035400000001352794e+00
-4.998000000176578972e+00
-2.380000099993965001e+00
-1.413472733975162043e+00
-3.111475245296222436e+00
-2.916515875611473074e+00
4.470649782085768242e-01
-1.960000000110587060e+00
-6.437171035736734659e+00
-2.336414367385770685e+00
-3.145596559083646770e+00
1.148252580866736094e+00
-8.961999313740823814e-01
-1.499599999962371699e+00
-1.520897963126580932e-01
-1.219074820025772610e+00
-9.934000000682647880e-01
-8.470684760498344845e-01
-2.489699999999384072e+00
-4.596077345511285550e+00
-7.193800375570397199e-01
6.948608705882279579e-02
-9.022000000352448090e-01
5.112000000171557090e-01
-3.168568596901671697e+00
1.083151417636548208e+00
-7.627536536289134084e+00
-1.599999999924316407e+00
-1.668739508588190923e-01
-4.985754833273993825e+00
4.733000000360882975e-01
-1.520988559005742813e+00
-8.060000001094305144e-01
-4.333195174567721075e+00
8.919779017294582335e-01
-1.417811298610185844e+00
-1.504365494087380295e+00
-3.509999999977106988e+00
-1.892021863061916997e+00
-2.653204573016019197e+00
-1.437806569128984302e+00
-1.415499999992840818e+00
-1.669145400328378104e+00
-5.259399187520449104e+00
-2.450604591090193018e+00
-6.367000000273795202e+00
-8.390931906866716528e-01
-4.210093461907677970e+00
-5.709999999706803386e+00
-2.870071231935957368e+00
-1.204689620420360319e+00
-5.503999999627162687e-01
1.059632954014334771e+00
-5.063133269345859055e+00
-1.723944064630184014e-01
-1.350999999985820876e+00
-4.164855809839757006e-01
-1.265716053902436800e+00
-2.629788676682755177e+00
-2.568000000017283124e+00
-4.680890858589415338e+00
-5.378103332547000015e+00
3.932318121277013079e-01
-5.868315309183999616e-04
-4.800118337977873573e+00
-3.671049358357724834e+00
-3.298665974597994044e+00
-2.849253999785414493e+00
-1.889799999906554451e+00
-1.130631536406501825e+00
-4.280912081348201781e+00
-1.259000000128573271e+00
-3.075905783623273049e+00
-8.602119613731614933e+00
-2.511053730520026228e+00
-1.136676971476050735e+00
-2.680000000009956196e+00
1.804363242485007013e-01
5.920989612411408087e-01
-1.109893872130728099e+00
-1.911295103531390760e+00
-3.383811979919500779e+00
-1.362010979229993035e+00
-6.913467641348217674e-01
-1.607001482472443898e+00
-3.445221178628243397e+00
-1.188717610009731418e+00
-1.661034070159382647e+00
-6.221999997637317037e+00
-2.195537567898821596e+00
-2.014598673869348211e+00
-1.405137957464065890e+00
-3.003794473855418534e+00
-5.296999999577094442e-01
-7.848417969916697601e+00
-3.264078196086090955e+00
-1.459268527580880104e+00
-3.210269530910813129e-01
-2.764687763830711464e+00
-3.084999999921774094e+00
4.062999999988198829e-01
-1.563979170379509176e+00
-4.749589255953405420e+00
-2.768133849887232767e+00
-3.400180569868114233e+00
2.718432931202861003e-01
-1.613707314812484084e+00
-1.867776095910950396e+00
-2.959375336575842841e+00
-9.772937384004379835e-01
-2.301780930992348484e+00
-5.480000000490770518e+00
-6.876555748230549492e-01
-6.770000004005098049e+00
9.644999999216617992e-01
-3.296062682440311420e+00
-3.059421791433115434e+00
-7.956056394375685681e-01
-4.261693573036554383e+00
-2.169300000102514669e+00
-2.780407860153539801e+00
-6.971231933194527386e+00
-1.932785400090176076e+00
-3.989999999934957131e+00
-6.921000005527056409e+00
-3.423288229765619750e+00
-3.184753357879147817e+00
-1.805781834199380764e+00
-1.855291815785568454e+00
1.336959025106025489e+00
-9.000000000000000000e+00
-1.460521992900200905e+00
-5.707000000045118426e+00
-1.942251784907982892e-01
-5.686365847334334811e-01
-3.379700000044805641e+00
-2.719300000024088781e+00
5.007299284775266202e-01
-1.938486367944484812e+00
-8.474599903619044028e+00
-3.140775821787148203e+00
4.337101750285887736e-01
-2.673523562835359968e+00
-1.437399999959640073e+00
-2.067960098492436671e+00
-3.049866112203143409e+00
-2.586000001098450740e-01
-1.925077578571059211e+00
-6.943215480718283317e-01
-3.609070628823597637e+00
-2.961270171124308792e+00
-3.188888325225348819e+00
-2.279649494366039697e+00
-7.477188999374893896e+00
-3.329070865768155141e+00
-5.082000000226353009e+00
-1.474799999998599231e+00
-4.632405374135420750e+00
-9.852080361500844319e+00
1.221486988261075046e+00
-1.660818063354343010e+00
-3.889494478943220201e+00
7.598872370565051826e-01
9.998263169415350093e-01
-3.386744457417544485e+00
-1.661819772935174244e+00
-5.716895887191780545e+00
-2.830461954248165046e+00
-5.272372760832865879e+00
-5.082000000226353009e+00
-2.862781683125938503e+00
-3.064999999991315782e+00
4.338000000313277926e-01
-5.650000000104908437e+00
-3.356687058954770375e+00
-4.231512066295736396e+00
-5.038900000027391357e+00
-5.516249651146245547e+00
-6.587329246606810074e+00
-6.275999997222313276e+00
-1.568600000023256946e+00
1.130299026326121892e+00
-5.190386027265324387e+00
2.340548448708225093e-01
-1.176564445899185074e+00
-4.039000000147962011e-01
-5.299997630429240658e+00
-3.700699999983910971e+00
-1.965800000029342964e+00
-1.153800000154809657e+00
-7.525094007888429859e-01
-7.593592397749348244e+00
-6.104000000164058193e-01
8.565089929969570137e-02
-2.932849378812862895e+00
2.884096711790233858e-01
8.350228929796771338e-01
-2.554599999981075786e+00
-1.959000000131203123e+00
-3.301856436411763518e+00
-1.889118222944004000e+00
-6.025302479203840100e+00
-1.999859277047350004e+00
-3.659700332254208766e-01
-5.384400000052186108e+00
-8.330620728520271578e-01
-6.070684206978636865e+00
-8.666000000462493746e-01
-4.583389121557727153e-01
-2.727199999977715450e+00
-9.181000000239050163e-01
1.055221318876492953e+00
-1.188700000003579449e+00
-2.360374845779636299e+00
-5.258525541905052947e+00
-1.713460966871772906e-01
-8.685293763660059674e-02
-3.995667449377311886e+00
-2.636360685881081745e-01
-4.280751758725266143e+00
-1.615665307728897382e+00
1.142305742213450381e+00
-1.903612799623440432e+00
-1.352845517241018092e+00
-3.261645259088877591e+00
-5.949528721435812351e+00
-3.845491299419439901e+00
-5.191948524828737810e-01
7.539999999819109178e-01
-5.569000000088292879e+00
9.276397960365115880e-01
-5.150000000658330190e-01
-1.288850895997224910e+00
-4.197943424888958219e+00
-6.301086527360825862e+00
-3.569525628212887103e+00
-1.318885163700934893e+00
1.070019409484485262e+00
-1.830973628219335902e-01
-3.390491635750400690e+00
-7.825789037873972731e+00
-1.585004474723446632e+00
-4.310000000138884957e+00
-5.903786109524210346e+00
-2.045811755775711893e-01
-5.152000000036314198e+00
-1.524058422636233701e+00
-6.168999998831471210e+00
-6.271000002610812807e+00
-3.589119622992992031e+00
-6.213999999416755848e+00
8.401489840231847195e-01
-3.361969699007089751e+00
-1.146599999895825173e+00
-3.699637602568473849e+00
1.900000000678546130e-01
-6.333000000348865122e-01
8.991919340785046177e-01
-2.544800000007604535e+00
-3.042274313235568073e+00
8.844999999886893338e-01
-1.709999999988086605e+00
-5.037371692949682789e+00
-5.456404809931903799e+00
-5.549999999537666540e+00
-6.536603643893172944e-01
-8.929250897889344785e+00
6.764999999813531284e-01
-3.329534572737343989e+00
-1.256240324366304506e+00
-1.485026967001128240e+00
-3.436000000012914835e-01
-1.708235028993763116e+00
-3.066561704895836460e+00
7.576761145794179420e-02
-3.519094803970657992e+00
-4.260500000055944980e+00
6.803000000037767725e-01
1.017276612331454722e+00
-2.694482042864003724e+00
-6.290548557855449863e-01
-6.154999998215251900e+00
-5.424319325008744919e+00
-2.041099999913057683e+00
-2.270000000076894064e+00
-2.055800000052488752e+00
-4.337291639354269868e-01
-5.839999999242301953e+00
-3.110900000017768008e+00
-2.163700000007147128e+00
-1.656640745525465697e+00
-2.375200000006768786e+00
-2.989999999934957131e+00
-4.152443173076997063e+00
-6.235298476811380830e+00
-2.284029468486502346e+00
6.181113781349836245e-01
8.723122124601494498e-01
-6.737132091217954422e-01
-2.867712398029100829e+00
-5.619999999851602368e+00
-1.769084230413316305e+00
-4.518329192674461758e+00
-3.301600000123748657e+00
-2.722299999977913831e+00
-7.488518261824671285e+00
-1.505535513095392908e+00
-4.193521425051909696e-02
-5.047393395227608437e+00
-4.520000000028892018e+00
-8.128358841619924391e+00
-1.052219378650846249e+00
-2.075000000037127812e+00
-2.977574183480422576e+00
-4.959297294679276824e+00
-8.401145484688358422e+00
-7.959771175823409095e-01
-6.289420901961023658e-01
-1.826829079876516104e+00
-1.317730345067318343e+00
-5.709999999706803386e+00
-2.595174189441735724e+00
-1.580899999983618187e+00
-1.149208481578314067e-01
-1.218664869369335158e+00
5.412999999993822753e-01
-2.772790081288955211e+00
-1.690000000019971083e+00
-1.387207679480725986e+00
-1.667260555800517130e-01
3.599000000362588825e-01
-1.233436769644604025e+00
-1.925899999973360810e+00
-6.277830392242722546e+00
-1.753999999992632342e+00
-3.914500000036068794e+00
-8.005115856578706168e-01
-3.248364055285430041e+00
-3.128037966721962881e+00
-3.014524374485329172e+00
-3.434836416992200103e+00
1.866148316857121070e-01
-2.248434008998029032e+00
-5.639999999321606339e+00
9.031942301772831749e-01
-1.290539637627468927e+00
-1.272599999893649692e+00
-3.928183131980835796e+00
-7.611891047072396610e+00
-1.287099999823733576e+00
2.622050027093479896e-01
-9.000000402573800351e-02
-7.663114918842505396e+00
-7.076318022084577386e+00
-1.057425852484615181e+00
-6.479894691592855693e-01
-3.125495302104829065e+00
-3.818610207947042312e+00
-9.198999999785300030e-01
3.599999999944514806e-01
-2.460055486888886200e+00
-4.260548372636979053e+00
-8.505560301063619377e-02
-5.699999999543422291e+00
2.000000000040225989e-01
-1.411888952395848884e+00
-3.989164567989753163e+00
-1.603999999980662006e+00
-4.597999999705114083e-01
-2.108200000039551547e+00
-1.179798576250590036e+00
-6.354164838714853936e+00
-1.822000000028194955e-01
-4.623901483008631352e+00
-3.111195280207130764e+00
-1.954999999844482694e+00
-4.789288532733721127e+00
-3.099225632934176300e+00
-7.821600598156058126e+00
-3.583223971640986605e+00
-2.641814818669841358e+00
-5.859988433577552946e+00
-2.196247849951519004e+00
1.017593071136205118e+00
-1.752059463547882778e+00
-8.172357080944646412e+00
-1.760299999921401071e+00
2.340015273460462897e-01
-5.600000000062177463e+00
-1.119336653691890726e+00
-2.150000100023933047e+00
-1.293045835259432064e+00
-6.103000000786292567e+00
-1.244899999988759109e+00
1.040624663424156937e+00
-8.426514399534862365e-01
-2.197764186734698200e+00
9.430189633318868392e-01
-4.740440096941539672e+00
-1.285471284852643059e+00
-9.382814030051690457e-01
-3.815577748324267215e+00
2.033024617775780127e-02
-2.016697456725894122e-01
-1.480000000020140316e+00
-7.979606117235990559e-02
-1.721000000004060837e+00
-6.161999998238560039e+00
4.369999999689621051e-01
-3.829978290569008958e+00
-8.063731998659680045e+00
-1.064999999993308410e+00
-5.674999999651258342e+00
-4.772556397072809986e+00
1.118900781610982831e+00
-1.314722843630639959e+00
-4.064382430929019741e+00
-4.696052340776988743e+00
-2.289160765300742029e-01
-3.122377931813840490e+00
5.373175575069925047e-01
-5.199909424903215616e+00
-2.537055960725924098e-01
-3.800390838918080050e+00
-1.836846926825520088e+00
-4.689999999986496526e+00
-1.081066776396874873e+00
-5.290000000175495209e+00
-9.882914836588232443e-01
1.100179497572903786e+00
-1.770185353315055110e+00
-4.670390350455852158e+00
-2.937342333364343805e+00
-3.014668050972148183e+00
-1.412380614995006223e+00
-1.769007870943773764e+00
-4.479999999968033109e+00
-1.248081729582782629e+00
-2.767818732845519047e+00
-4.250729714913856760e+00
-4.103881015219082329e+00
-2.668999999971388259e+00
-6.124999998786299749e+00
-5.628576747729946428e-01
-5.157536519076158399e+00
2.776912699051206079e-01
9.860884797836310112e-01
-1.970625776874171953e+00
-4.937599999937089201e+00
-1.799800000006659406e+00
-5.199999990175639686e-02
-9.997978122262769496e-01
-3.388000000017223012e+00
-3.518524468101349001e+00
1.049417901386625052e-01
2.171526698130616073e-05
-1.884128705621892053e+00
-6.915636844173995712e-01
-7.431999999905385401e-01
-1.342930001320824074e+00
-1.856038026078269620e+00
-4.334045248038086662e+00
-6.146720133632077143e+00
-1.180195333858209183e+00
-1.681657560604692181e+00
-3.693514142014373114e+00
-3.718913643469249575e+00
-1.871000000027351895e+00
-1.718324304859074836e+00
-3.653360207870255838e+00
-1.862273393794503962e+00
-5.720000000539894103e+00
3.880000000315407260e-01
-6.096206978889120442e+00
-7.258521032041588272e-01
-6.592000000027975481e-01
-3.187310846004112186e+00
-4.619579235156503927e+00
-2.043106037878867909e+00
-3.866410993376844907e+00
-1.813547631336184907e+00
-2.790224827198184432e+00
-5.144999999879497743e+00
-3.602345583908529991e-01
-3.265478203580642003e+00
-1.999302439093812334e+00
-1.994200000050518895e+00
-3.454793178010914012e+00
-1.541199999975634949e+00
-2.259591111968536126e+00
-3.804204990410773757e+00
-7.982023546998086028e-01
-4.760328300686635927e-01
1.118872228987773054e+00
-2.043150755470063196e+00
-8.202000001697612452e-01
-3.154846763723315739e-01
-2.736918276354148194e+00
-4.567910085419045751e-01
-3.717966372945713527e+00
-2.073732624058552521e+00
-2.694482042864003724e+00
-1.460916864480130473e+00
-1.475699999994802170e+00
-2.085300000100507756e+00
-3.787563730009969820e+00
-2.733290978528960302e+00
-3.188999999941152463e+00
-8.911328068693511462e-01
-1.483799999994301233e+00
-3.808000000027484955e+00
-1.907490709874421597e+00
-7.189752419163760733e-01
1.134519762613153959e-01
-2.759962698226757105e+00
-5.956469699225726444e+00
-3.421165023869460420e+00
-3.669515281713741750e+00
-4.313551537173081485e+00
-1.770499999980028605e+00
-4.939700144043496444e+00
-6.866270800011434750e-01
-3.070511614919311238e+00
-7.569657475775497524e-01
1.026318081496016221e+00
-4.848004066069623086e+00
-6.537719656053323503e-01
-2.568699999988508953e+00
-2.667773885308638793e+00
-2.195200000061217960e+00
-6.075320058418800073e+00
-7.475587665987396546e-01
-6.650000003974167129e+00
-4.041944520660557316e+00
-3.570613333671159850e+00
-1.207499999885752295e+00
-2.354218234238847796e+00
-1.077426400771711812e+00
-7.739999998904962819e-01
-1.347700000045845226e+00
-2.949999999859295730e-01
-2.285300000006992072e+00
6.834999999866663289e-01
-2.358632712799721087e+00
-2.144309129986385010e+00
-1.700703717145019223e+00
-4.296803016485535309e+00
-2.208799999981700068e+00
-6.807415634396100756e+00
-5.704999999769756691e+00
-8.863186346115675462e+00
1.128413220177308940e-01
-1.980000000053265596e+00
-6.581025449947646155e-01
-3.658615956028095972e+00
-1.081341403945380586e+00
-1.729316416755783958e+00
1.059632954014334771e+00
-2.790246786368210774e+00
-1.089854667803601185e+00
-1.621699999978938322e+00
-4.319887603023370382e+00
-6.717150202853887642e+00
-2.096499213089134894e+00
-3.200000000016787749e-01
-6.186999999224577884e+00
-2.008733845763462700e+00
-2.699500000036916703e+00
-6.290999999711580415e+00
-6.823999992687705962e+00
-5.729999999794458176e+00
5.365999999787786079e-01
-2.792915158969800693e+00
-3.676138075781022252e+00
7.019804223215289629e-02
-2.637211674261381589e+00
-2.005999999974210191e+00
4.333364769901529995e-02
5.832148242786679981e-01
-5.534999999460002762e+00
-7.602127735983193801e+00
-1.448600000166483825e+00
-2.694100000022037644e+00
-1.990099999931234098e+00
-8.333899903576455159e+00
-5.619999999569023075e+00
-2.431776003850028456e+00
-1.516236515291772724e+00
-5.585000000120966313e+00
-7.521999999927095892e-01
-2.470777581909297638e+00
-6.086266956636135816e+00
-3.434643969090134252e+00
-3.096100000148702236e+00
-7.668290943371606216e-01
-5.699806765647528195e+00
-1.982934232169224043e+00
-3.895519229340754119e+00
-9.357792444716476199e-01
-6.990426981696480802e+00
6.083000000098985893e-01
-6.279999998328968047e+00
2.002254272929024081e-01
-1.555770398172706237e+00
2.780496141820196776e-01
-1.540549365575180074e+00
-3.337098251725476583e+00
-3.001562144835285384e+00
-6.222339552462585743e-01
-3.213642917867221005e+00
1.045371622492728969e+00
-9.820845370164680288e-01
-4.563999999791406026e-01
-4.869999999918325884e+00
-2.544348279003424196e+00
-2.373015802061156698e+00
-7.656185388772512868e-01
-7.181000000240236325e-01
-3.046699999968477623e+00
-1.219621944426650506e+00
-1.857995495560923915e+00
-3.587741807040049746e+00
-1.407971135540404095e+00
-2.556643996403445973e-01
4.285496656901170986e-01
-5.754466557384442238e-01
-4.469410475329619103e+00
-2.976307021196101243e-01
-6.073855763567298283e+00
-3.425416152983959961e+00
-1.236005301031593229e+00
-3.075317008653342565e+00
4.020000003694849944e-02
-1.340780733755229104e+00
-5.329130779026272080e+00
-5.499999999850320620e+00
5.249186282037928697e-01
-5.056113562565069941e+00
-2.651108334573479830e+00
-2.816495593705351741e+00
-1.289856402709256944e+00
-2.412257588942111897e-01
-2.606304604880943732e+00
-9.802000000490284082e-01
5.529999999952226464e-01
-2.417116931002249114e+00
-6.084999999571291118e-01
-7.975675875178959151e-01
-2.346599999979056328e+00
-2.615699999977915802e+00
-7.791628294108861041e-01
-4.357458385645036181e+00
1.602000000891815878e-01
-4.269731279532734014e+00
-2.338080030475590654e+00
7.315114286174797531e-01
-4.146691508304750862e+00
1.148300000195216386e+00
-1.085999999976900027e-01
-4.173481147526900692e+00
